255 255 255 255 255 255 255 255 255 255 255 255 255 255 255 255
255 255 255 255 255 255 255 255 255 255 255 255 255 255 255 255
255 255 255 255 255 255 255 255 255 255 255 255 255 255 255 255
255 255 255 255 255 255 255 255 255 255 255 255 255 255 255 255
255 255   0   0   0   0   0   0   0   0   0   0   0   0 255 255
255   0   0   0   0   0   0   0   0   0   0   0   0   0   0 247
162   0   0   0   0   0   0   0   0   0   0   0   0   0   0  79
  0   0   0   0   0   0   0   0   0   0   0   0   0 255 255 255
253   0   0   0   0   0   0   0   0   0   0 223 255 255 255 255
255   0   0   0   0   0   0   0   0   0   0 255 255 255 255 255
255 130   0   0   0 177 255   0   0   0   0 255 255 255 255 255
255 131   0 137   0 255 255   0   0   0   0 255 255 255 255 255
255 255   0 255   0 255 255   0   0   0   0 255 255 255 255 255
255 255 255 255 255 255 255 255 255 255 255 255 255 255 255 255
255 255 255 255 255 255 255 255 255 255 255 255 255 255 255 255
255 255 255 255 255 255 255 255 255 255 255 255 255 255 255 255
255 255 255 255 255 255 255 255 255 255 255 255 255 255 255 255
255 255 255 255 255 255 255 255 255 255 255 255 255 255 255 255
255 255 255 255 255 255 255 255 255 255 255 255 255 255 255 255
255 255 255 255 255 255 255 255 255 255 255 255 255 255 255 255
255 255   0   0   0   0   0   0   0   0   0   0   0   0 255 255
255   0   0   0   0   0   0   0   0   0   0   0   0   0   0 247
162   0   0   0   0   0   0   0   0   0   0   0   0   0   0  79
  0   0   0   0   0   0   0   0   0   0   0   0   0 255 255 255
253   0   0   0   0   0   0   0   0   0   0 223 255 255 255 255
255   0   0   0   0   0   0   0   0   0   0 255 255 255 255 255
255 130   0   0   0 177 255   0   0   0   0 255 255 255 255 255
255 131   0 137   0 255 255   0   0   0   0 255 255 255 255 255
255 255   0 255   0 255 255   0   0   0   0 255 255 255 255 255
255 255 255 255 255 255 255 255 255 255 255 255 255 255 255 255
255 255 255 255 255 255 255 255 255 255 255 255 255 255 255 255
255 255 255 255 255 255 255 255 255 255 255 255 255 255 255 255
255 255 255 255 255 255 255 255 255 255 255 255 255 255 255 255
255 255 255 255 255 255 255 255 255 255 255 255 255 255 255 255
255 255 255 255 255 255 255 255 255 255 255 255 255 255 255 255
255 255 255 255 255 255 255 255 255 255 255 255 255 255 255 255
255 255   0   0   0   0   0   0   0   0   0   0   0   0 255 255
255   0   0   0   0   0   0   0   0   0   0   0   0   0   0 247
162   0   0   0   0   0   0   0   0   0   0   0   0   0   0  79
  0   0   0   0   0   0   0   0   0   0   0   0   0 255 255 255
253   0   0   0   0   0   0   0   0   0   0 223 255 255 255 255
255   0   0   0   0   0   0   0   0   0   0 255 255 255 255 255
255 130   0   0   0 177 255   0   0   0   0 255 255 255 255 255
255 131   0 137   0 255 255   0   0   0   0 255 255 255 255 255
255 255   0 255   0 255 255   0   0   0   0 255 255 255 255 255
255 255 255 255 255 255 255 255 255 255 255 255 255 255 255 255
255 255 255 255 255 255 255 255 255 255 255 255 255 255 255 255
255 255 255 255 255 255 255 255 255 255 255 255 255 255 255 255

255 255 255 255 255 247  79 255 255 255 255 255 255 255 255 255
255 255 255 255 255   0   0 255 255 255 255 255 255 255 255 255
255 255 255 255   0   0   0 255 255 255 255 255 255 255 255 255
255 255 255 255   0   0   0   0 255 255 255 255 255 255 255 255
255 255 255 255   0   0   0   0 223 255 255 255 255 255 255 255
255 255 255 255   0   0   0   0   0   0   0   0   0 255 255 255
255 255 255 255   0   0   0   0   0   0   0   0   0 255 255 255
255 255 255 255   0   0   0   0   0   0   0   0   0 255 255 255
255 255 255 255   0   0   0   0   0   0   0   0   0 255 255 255
255 255 255 255   0   0   0   0   0   0 255 255 255 255 255 255
255 255 255 255   0   0   0   0   0   0 177 255 255 255 255 255
255 255 255 255   0   0   0   0   0   0   0   0   0 255 255 255
255 255 255 255   0   0   0   0   0   0   0 137 255 255 255 255
255 255 255 255   0   0   0   0   0   0   0   0   0 255 255 255
255 255 255 255 255   0   0   0   0   0 130 131 255 255 255 255
255 255 255 255 255 255 162   0 253 255 255 255 255 255 255 255
255 255 255 255 255 247  79 255 255 255 255 255 255 255 255 255
255 255 255 255 255   0   0 255 255 255 255 255 255 255 255 255
255 255 255 255   0   0   0 255 255 255 255 255 255 255 255 255
255 255 255 255   0   0   0   0 255 255 255 255 255 255 255 255
255 255 255 255   0   0   0   0 223 255 255 255 255 255 255 255
255 255 255 255   0   0   0   0   0   0   0   0   0 255 255 255
255 255 255 255   0   0   0   0   0   0   0   0   0 255 255 255
255 255 255 255   0   0   0   0   0   0   0   0   0 255 255 255
255 255 255 255   0   0   0   0   0   0   0   0   0 255 255 255
255 255 255 255   0   0   0   0   0   0 255 255 255 255 255 255
255 255 255 255   0   0   0   0   0   0 177 255 255 255 255 255
255 255 255 255   0   0   0   0   0   0   0   0   0 255 255 255
255 255 255 255   0   0   0   0   0   0   0 137 255 255 255 255
255 255 255 255   0   0   0   0   0   0   0   0   0 255 255 255
255 255 255 255 255   0   0   0   0   0 130 131 255 255 255 255
255 255 255 255 255 255 162   0 253 255 255 255 255 255 255 255
255 255 255 255 255 247  79 255 255 255 255 255 255 255 255 255
255 255 255 255 255   0   0 255 255 255 255 255 255 255 255 255
255 255 255 255   0   0   0 255 255 255 255 255 255 255 255 255
255 255 255 255   0   0   0   0 255 255 255 255 255 255 255 255
255 255 255 255   0   0   0   0 223 255 255 255 255 255 255 255
255 255 255 255   0   0   0   0   0   0   0   0   0 255 255 255
255 255 255 255   0   0   0   0   0   0   0   0   0 255 255 255
255 255 255 255   0   0   0   0   0   0   0   0   0 255 255 255
255 255 255 255   0   0   0   0   0   0   0   0   0 255 255 255
255 255 255 255   0   0   0   0   0   0 255 255 255 255 255 255
255 255 255 255   0   0   0   0   0   0 177 255 255 255 255 255
255 255 255 255   0   0   0   0   0   0   0   0   0 255 255 255
255 255 255 255   0   0   0   0   0   0   0 137 255 255 255 255
255 255 255 255   0   0   0   0   0   0   0   0   0 255 255 255
255 255 255 255 255   0   0   0   0   0 130 131 255 255 255 255
255 255 255 255 255 255 162   0 253 255 255 255 255 255 255 255

255 255 255 255 255 255 255 255 255 255 255 255 255 255 255 255
255 255 255 255 254 254 254 254 254 255 255 254 254 254 254 255
255 255 255 255 250 229 227 228 233 253 247 219 237 215 241 255
255 255 255 255 228 115 104 111 136 244 201  61 146  43 174 255
255 255 255 255 212  74  68  78 109 227 169  66  90  12 138 255
255 255 255 255 212  73  62  70  67 136 117  90  51   5 136 255
255 255 255 254 200  54  28  32   0   0   0   0   0   0  90 252
255 255 253 222 108  14   0   0   0   0   0   0   0   0  16 164
228 128 111  84  13   0   0   0   0   0   0   0   0   0   0  84
121  11   0   0   0   0   0   0   0   0   0   0   0   0   0 135
179  58   0   0   0   0   0   0   0   0   0   0   0   0  48 222
248 200 112  20  28  72  75  75  72  40  10   7  36 122 200 253
254 252 232 191 193 225 225 225 225 216 205 204 214 237 252 255
255 255 254 251 251 255 255 255 255 254 254 254 254 254 255 255
255 255 255 255 255 255 255 255 255 255 255 255 255 255 255 255
255 255 255 255 255 255 255 255 255 255 255 255 255 255 255 255
255 255 255 255 255 255 255 255 255 255 255 255 255 255 255 255
255 255 255 255 254 254 254 254 254 255 255 254 254 254 254 255
255 255 255 255 250 229 227 228 233 253 247 219 237 215 241 255
255 255 255 255 228 115 104 111 136 244 201  61 146  43 174 255
255 255 255 255 212  74  68  78 109 227 169  66  90  12 138 255
255 255 255 255 212  73  62  70  67 136 117  90  51   5 136 255
255 255 255 254 200  54  28  32   0   0   0   0   0   0  90 252
255 255 253 222 108  14   0   0   0   0   0   0   0   0  16 164
228 128 111  84  13   0   0   0   0   0   0   0   0   0   0  84
121  11   0   0   0   0   0   0   0   0   0   0   0   0   0 135
179  58   0   0   0   0   0   0   0   0   0   0   0   0  48 222
248 200 112  20  28  72  75  75  72  40  10   7  36 122 200 253
254 252 232 191 193 225 225 225 225 216 205 204 214 237 252 255
255 255 254 251 251 255 255 255 255 254 254 254 254 254 255 255
255 255 255 255 255 255 255 255 255 255 255 255 255 255 255 255
255 255 255 255 255 255 255 255 255 255 255 255 255 255 255 255
255 255 255 255 255 255 255 255 255 255 255 255 255 255 255 255
255 255 255 255 254 254 254 254 254 255 255 254 254 254 254 255
255 255 255 255 250 229 227 228 233 253 247 219 237 215 241 255
255 255 255 255 228 115 104 111 136 244 201  61 146  43 174 255
255 255 255 255 212  74  68  78 109 227 169  66  90  12 138 255
255 255 255 255 212  73  62  70  67 136 117  90  51   5 136 255
255 255 255 254 200  54  28  32   0   0   0   0   0   0  90 252
255 255 253 222 108  14   0   0   0   0   0   0   0   0  16 164
228 128 111  84  13   0   0   0   0   0   0   0   0   0   0  84
121  11   0   0   0   0   0   0   0   0   0   0   0   0   0 135
179  58   0   0   0   0   0   0   0   0   0   0   0   0  48 222
248 200 112  20  28  72  75  75  72  40  10   7  36 122 200 253
254 252 232 191 193 225 225 225 225 216 205 204 214 237 252 255
255 255 254 251 251 255 255 255 255 254 254 254 254 254 255 255
255 255 255 255 255 255 255 255 255 255 255 255 255 255 255 255
255 255 255 255 255 255 255 255 255 255 255 255 255 255 255 255

255 255 255 253 252 252 248 165  82 129 214 252 255 255 255 255
255 255 243 171 134 133  90  17   0   0  45 193 252 255 255 255
255 255 223  49  16   7   0   0   0   0   0 115 234 255 255 255
255 255 240 144  89  56   0   0   0   0   0  34 208 255 255 255
255 255 226  67  66  96   0   0   0   0   0   7 197 254 255 255
255 255 249 205 172 124   0   0   0   0   0  11 199 254 255 255
255 255 254 245 227 142   0   0   0   0   0  40 210 255 255 255
255 255 236 131 103  67   1   0   0   0   0  69 220 255 255 255
255 255 234 119  83  76  37   0   0   0   0  72 221 255 255 255
255 255 230 100  64  58  28   0   0   0   0  72 221 255 255 255
255 255 235 122  78  78  58  16   0   0   0  69 220 255 255 255
255 255 252 231 216 216 206 117  16   0   0  26 186 251 255 255
255 255 255 255 255 255 254 228  93   0   0  20 186 251 255 255
255 255 255 255 255 255 255 254 120   1   0 112 231 254 255 255
255 255 255 255 255 255 255 255 136  13  58 198 252 255 255 255
255 255 255 255 255 255 255 255 233 130 178 249 255 255 255 255
255 255 255 253 252 252 248 165  82 129 214 252 255 255 255 255
255 255 243 171 134 133  90  17   0   0  45 193 252 255 255 255
255 255 223  49  16   7   0   0   0   0   0 115 234 255 255 255
255 255 240 144  89  56   0   0   0   0   0  34 208 255 255 255
255 255 226  67  66  96   0   0   0   0   0   7 197 254 255 255
255 255 249 205 172 124   0   0   0   0   0  11 199 254 255 255
255 255 254 245 227 142   0   0   0   0   0  40 210 255 255 255
255 255 236 131 103  67   1   0   0   0   0  69 220 255 255 255
255 255 234 119  83  76  37   0   0   0   0  72 221 255 255 255
255 255 230 100  64  58  28   0   0   0   0  72 221 255 255 255
255 255 235 122  78  78  58  16   0   0   0  69 220 255 255 255
255 255 252 231 216 216 206 117  16   0   0  26 186 251 255 255
255 255 255 255 255 255 254 228  93   0   0  20 186 251 255 255
255 255 255 255 255 255 255 254 120   1   0 112 231 254 255 255
255 255 255 255 255 255 255 255 136  13  58 198 252 255 255 255
255 255 255 255 255 255 255 255 233 130 178 249 255 255 255 255
255 255 255 253 252 252 248 165  82 129 214 252 255 255 255 255
255 255 243 171 134 133  90  17   0   0  45 193 252 255 255 255
255 255 223  49  16   7   0   0   0   0   0 115 234 255 255 255
255 255 240 144  89  56   0   0   0   0   0  34 208 255 255 255
255 255 226  67  66  96   0   0   0   0   0   7 197 254 255 255
255 255 249 205 172 124   0   0   0   0   0  11 199 254 255 255
255 255 254 245 227 142   0   0   0   0   0  40 210 255 255 255
255 255 236 131 103  67   1   0   0   0   0  69 220 255 255 255
255 255 234 119  83  76  37   0   0   0   0  72 221 255 255 255
255 255 230 100  64  58  28   0   0   0   0  72 221 255 255 255
255 255 235 122  78  78  58  16   0   0   0  69 220 255 255 255
255 255 252 231 216 216 206 117  16   0   0  26 186 251 255 255
255 255 255 255 255 255 254 228  93   0   0  20 186 251 255 255
255 255 255 255 255 255 255 254 120   1   0 112 231 254 255 255
255 255 255 255 255 255 255 255 136  13  58 198 252 255 255 255
255 255 255 255 255 255 255 255 233 130 178 249 255 255 255 255
