255 255 255 255 255 255 255 255 255 255 255 255 255 255 255 255
255 255 255 255 255 255 255 255 255 255 255 255 255 255 255 255
255 255 255 255 255 255 255 255 255 255 255 255 255 255 255 255
255 255 255 255 255 255 255 255 255 255 255 255 255 255 255 255
255   0 255 255 255 255 255 255 255 255 255   0   0   0 255 255
255   0   0 255 205   0   0   0   0   0   0   0 255   0   0 255
255 255 176   0   0   0   0   0   0   0   0   0   0 255 255 255
255 255 255   0   0   0   0   0   0   0   0   0 255 255 255 255
255 255 255   0   0   0   0   0   0   0   0   0 255 255 255 255
255 255 255   0 255   0 255 255 255   0 255  20 255 255 255 255
255 255 255   0 255   0 255 255 255   0 255  24 255 255 255 255
255 255 255   0 255   0 255 255 255   0 255  23 255 255 255 255
255 255 255 255 255 255 255 255 255  22 255 255 255 255 255 255
255 255 255 255 255 255 255 255 255 255 255 255 255 255 255 255
255 255 255 255 255 255 255 255 255 255 255 255 255 255 255 255
255 255 255 255 255 255 255 255 255 255 255 255 255 255 255 255
255 255 255 255 255 255 255 255 255 255 255 255 255 255 255 255
255 255 255 255 255 255 255 255 255 255 255 255 255 255 255 255
255 255 255 255 255 255 255 255 255 255 255 255 255 255 255 255
255 255 255 255 255 255 255 255 255 255 255 255 255 255 255 255
255   0 255 255 255 255 255 255 255 255 255   0   0   0 255 255
255   0   0 255 205   0   0   0   0   0   0   0 255   0   0 255
255 255 176   0   0   0   0   0   0   0   0   0   0 255 255 255
255 255 255   0   0   0   0   0   0   0   0   0 255 255 255 255
255 255 255   0   0   0   0   0   0   0   0   0 255 255 255 255
255 255 255   0 255   0 255 255 255   0 255  20 255 255 255 255
255 255 255   0 255   0 255 255 255   0 255  24 255 255 255 255
255 255 255   0 255   0 255 255 255   0 255  23 255 255 255 255
255 255 255 255 255 255 255 255 255  22 255 255 255 255 255 255
255 255 255 255 255 255 255 255 255 255 255 255 255 255 255 255
255 255 255 255 255 255 255 255 255 255 255 255 255 255 255 255
255 255 255 255 255 255 255 255 255 255 255 255 255 255 255 255
255 255 255 255 255 255 255 255 255 255 255 255 255 255 255 255
255 255 255 255 255 255 255 255 255 255 255 255 255 255 255 255
255 255 255 255 255 255 255 255 255 255 255 255 255 255 255 255
255 255 255 255 255 255 255 255 255 255 255 255 255 255 255 255
255   0 255 255 255 255 255 255 255 255 255   0   0   0 255 255
255   0   0 255 205   0   0   0   0   0   0   0 255   0   0 255
255 255 176   0   0   0   0   0   0   0   0   0   0 255 255 255
255 255 255   0   0   0   0   0   0   0   0   0 255 255 255 255
255 255 255   0   0   0   0   0   0   0   0   0 255 255 255 255
255 255 255   0 255   0 255 255 255   0 255  20 255 255 255 255
255 255 255   0 255   0 255 255 255   0 255  24 255 255 255 255
255 255 255   0 255   0 255 255 255   0 255  23 255 255 255 255
255 255 255 255 255 255 255 255 255  22 255 255 255 255 255 255
255 255 255 255 255 255 255 255 255 255 255 255 255 255 255 255
255 255 255 255 255 255 255 255 255 255 255 255 255 255 255 255
255 255 255 255 255 255 255 255 255 255 255 255 255 255 255 255

255 255 255 255 255 255 255 255 255 255 255 255 255 255 255 255
255 255 255 255 255   0 255 255 255 255 255 255 255 255 255 255
255 255 255 255   0   0 255 255 255 255 255 255 255 255 255 255
255 255 255 255   0 255   0 255 255 255 255 255 255 255 255 255
255 255 255 255   0   0   0   0   0  20  24  23 255 255 255 255
255 255 255 255 255   0   0   0   0 255 255 255 255 255 255 255
255 255 255 255 255   0   0   0   0   0   0   0  22 255 255 255
255 255 255 255 255   0   0   0   0 255 255 255 255 255 255 255
255 255 255 255 255   0   0   0   0 255 255 255 255 255 255 255
255 255 255 255 255   0   0   0   0 255 255 255 255 255 255 255
255 255 255 255 255   0   0   0   0   0   0   0 255 255 255 255
255 255 255 255 255 205   0   0   0 255 255 255 255 255 255 255
255 255 255 255 255 255   0   0   0   0   0   0 255 255 255 255
255 255 255 255 255   0 176 255 255 255 255 255 255 255 255 255
255 255 255 255   0   0 255 255 255 255 255 255 255 255 255 255
255 255 255 255 255 255 255 255 255 255 255 255 255 255 255 255
255 255 255 255 255 255 255 255 255 255 255 255 255 255 255 255
255 255 255 255 255   0 255 255 255 255 255 255 255 255 255 255
255 255 255 255   0   0 255 255 255 255 255 255 255 255 255 255
255 255 255 255   0 255   0 255 255 255 255 255 255 255 255 255
255 255 255 255   0   0   0   0   0  20  24  23 255 255 255 255
255 255 255 255 255   0   0   0   0 255 255 255 255 255 255 255
255 255 255 255 255   0   0   0   0   0   0   0  22 255 255 255
255 255 255 255 255   0   0   0   0 255 255 255 255 255 255 255
255 255 255 255 255   0   0   0   0 255 255 255 255 255 255 255
255 255 255 255 255   0   0   0   0 255 255 255 255 255 255 255
255 255 255 255 255   0   0   0   0   0   0   0 255 255 255 255
255 255 255 255 255 205   0   0   0 255 255 255 255 255 255 255
255 255 255 255 255 255   0   0   0   0   0   0 255 255 255 255
255 255 255 255 255   0 176 255 255 255 255 255 255 255 255 255
255 255 255 255   0   0 255 255 255 255 255 255 255 255 255 255
255 255 255 255 255 255 255 255 255 255 255 255 255 255 255 255
255 255 255 255 255 255 255 255 255 255 255 255 255 255 255 255
255 255 255 255 255   0 255 255 255 255 255 255 255 255 255 255
255 255 255 255   0   0 255 255 255 255 255 255 255 255 255 255
255 255 255 255   0 255   0 255 255 255 255 255 255 255 255 255
255 255 255 255   0   0   0   0   0  20  24  23 255 255 255 255
255 255 255 255 255   0   0   0   0 255 255 255 255 255 255 255
255 255 255 255 255   0   0   0   0   0   0   0  22 255 255 255
255 255 255 255 255   0   0   0   0 255 255 255 255 255 255 255
255 255 255 255 255   0   0   0   0 255 255 255 255 255 255 255
255 255 255 255 255   0   0   0   0 255 255 255 255 255 255 255
255 255 255 255 255   0   0   0   0   0   0   0 255 255 255 255
255 255 255 255 255 205   0   0   0 255 255 255 255 255 255 255
255 255 255 255 255 255   0   0   0   0   0   0 255 255 255 255
255 255 255 255 255   0 176 255 255 255 255 255 255 255 255 255
255 255 255 255   0   0 255 255 255 255 255 255 255 255 255 255
255 255 255 255 255 255 255 255 255 255 255 255 255 255 255 255

255 255 255 255 255 255 255 255 255 255 255 255 255 255 255 255
255 255 255 255 255 255 255 255 255 255 255 255 255 255 255 255
255 255 255 254 249 246 249 252 255 254 251 248 249 254 255 255
255 255 255 248 206 173 199 227 255 245 199 185 202 248 255 255
255 255 255 239 145  69 115 183 255 222  89  78 128 240 255 255
255 255 255 239 145  68 112 179 252 221  87  77 127 240 255 255
255 255 254 236 132  37  61  97 143 162  93  69 124 240 255 255
255 255 253 208  60   0   0   0   5  43  50  29 115 240 255 255
255 255 246 156   2   0   0   0   0   0   0   0 111 240 255 255
248 183 155  68   0   0   0   0   0   0   0   0  45 102 224 255
195  48  61  86  61  71 154 157 157 157 157 163 171 117  82 242
232 146  39  65 161 210 247 248 248 248 248 250 252 230 152 244
254 240 195 193 239 253 255 255 255 255 255 255 255 254 243 253
254 254 252 251 254 255 255 255 255 255 255 255 255 255 255 255
255 255 255 255 255 255 255 255 255 255 255 255 255 255 255 255
255 255 255 255 255 255 255 255 255 255 255 255 255 255 255 255
255 255 255 255 255 255 255 255 255 255 255 255 255 255 255 255
255 255 255 255 255 255 255 255 255 255 255 255 255 255 255 255
255 255 255 254 249 246 249 252 255 254 251 248 249 254 255 255
255 255 255 248 206 173 199 227 255 245 199 185 202 248 255 255
255 255 255 239 145  69 115 183 255 222  89  78 128 240 255 255
255 255 255 239 145  68 112 179 252 221  87  77 127 240 255 255
255 255 254 236 132  37  61  97 143 162  93  69 124 240 255 255
255 255 253 208  60   0   0   0   5  43  50  29 115 240 255 255
255 255 246 156   2   0   0   0   0   0   0   0 111 240 255 255
248 183 155  68   0   0   0   0   0   0   0   0  45 102 224 255
195  48  61  86  61  71 154 157 157 157 157 163 171 117  82 242
232 146  39  65 161 210 247 248 248 248 248 250 252 230 152 244
254 240 195 193 239 253 255 255 255 255 255 255 255 254 243 253
254 254 252 251 254 255 255 255 255 255 255 255 255 255 255 255
255 255 255 255 255 255 255 255 255 255 255 255 255 255 255 255
255 255 255 255 255 255 255 255 255 255 255 255 255 255 255 255
255 255 255 255 255 255 255 255 255 255 255 255 255 255 255 255
255 255 255 255 255 255 255 255 255 255 255 255 255 255 255 255
255 255 255 254 249 246 249 252 255 254 251 248 249 254 255 255
255 255 255 248 206 173 199 227 255 245 199 185 202 248 255 255
255 255 255 239 145  69 115 183 255 222  89  78 128 240 255 255
255 255 255 239 145  68 112 179 252 221  87  77 127 240 255 255
255 255 254 236 132  37  61  97 143 162  93  69 124 240 255 255
255 255 253 208  60   0   0   0   5  43  50  29 115 240 255 255
255 255 246 156   2   0   0   0   0   0   0   0 111 240 255 255
248 183 155  68   0   0   0   0   0   0   0   0  45 102 224 255
195  48  61  86  61  71 154 157 157 157 157 163 171 117  82 242
232 146  39  65 161 210 247 248 248 248 248 250 252 230 152 244
254 240 195 193 239 253 255 255 255 255 255 255 255 254 243 253
254 254 252 251 254 255 255 255 255 255 255 255 255 255 255 255
255 255 255 255 255 255 255 255 255 255 255 255 255 255 255 255
255 255 255 255 255 255 255 255 255 255 255 255 255 255 255 255

255 255 255 255 255 255 255 255 255 254 238 241 253 255 255 255
255 255 255 255 255 255 255 255 255 223  89 150 242 255 255 255
255 255 254 248 237 236 236 236 237 108 115 229 255 255 255 255
255 255 251 205 127 126 123 112 107  47 163 253 255 255 255 255
255 255 250 189  77  76  70  32   0   0 156 250 255 255 255 255
255 255 252 206  95  92  96  54   0   0 150 248 255 255 255 255
255 255 255 247 224 223 166  44   0   0 150 248 255 255 255 255
255 255 255 255 255 252 151   5   0   0 150 248 255 255 255 255
255 255 253 227 179 176 101   0   0   0 150 248 255 255 255 255
255 255 251 202 116 113  65   0   0   0 147 246 255 255 255 255
255 255 247 176  67  66  38   0   0   0  64 204 253 255 255 255
255 255 251 211 150 150 138  67   3   0  60 157 237 255 255 255
255 255 254 249 241 241 239 215 165  75  85  64 186 250 255 255
255 255 255 255 255 255 255 254 248 162  63  39 190 251 255 255
255 255 255 255 255 255 255 255 255 187  52 145 241 255 255 255
255 255 255 255 255 255 255 255 255 251 203 232 254 255 255 255
255 255 255 255 255 255 255 255 255 254 238 241 253 255 255 255
255 255 255 255 255 255 255 255 255 223  89 150 242 255 255 255
255 255 254 248 237 236 236 236 237 108 115 229 255 255 255 255
255 255 251 205 127 126 123 112 107  47 163 253 255 255 255 255
255 255 250 189  77  76  70  32   0   0 156 250 255 255 255 255
255 255 252 206  95  92  96  54   0   0 150 248 255 255 255 255
255 255 255 247 224 223 166  44   0   0 150 248 255 255 255 255
255 255 255 255 255 252 151   5   0   0 150 248 255 255 255 255
255 255 253 227 179 176 101   0   0   0 150 248 255 255 255 255
255 255 251 202 116 113  65   0   0   0 147 246 255 255 255 255
255 255 247 176  67  66  38   0   0   0  64 204 253 255 255 255
255 255 251 211 150 150 138  67   3   0  60 157 237 255 255 255
255 255 254 249 241 241 239 215 165  75  85  64 186 250 255 255
255 255 255 255 255 255 255 254 248 162  63  39 190 251 255 255
255 255 255 255 255 255 255 255 255 187  52 145 241 255 255 255
255 255 255 255 255 255 255 255 255 251 203 232 254 255 255 255
255 255 255 255 255 255 255 255 255 254 238 241 253 255 255 255
255 255 255 255 255 255 255 255 255 223  89 150 242 255 255 255
255 255 254 248 237 236 236 236 237 108 115 229 255 255 255 255
255 255 251 205 127 126 123 112 107  47 163 253 255 255 255 255
255 255 250 189  77  76  70  32   0   0 156 250 255 255 255 255
255 255 252 206  95  92  96  54   0   0 150 248 255 255 255 255
255 255 255 247 224 223 166  44   0   0 150 248 255 255 255 255
255 255 255 255 255 252 151   5   0   0 150 248 255 255 255 255
255 255 253 227 179 176 101   0   0   0 150 248 255 255 255 255
255 255 251 202 116 113  65   0   0   0 147 246 255 255 255 255
255 255 247 176  67  66  38   0   0   0  64 204 253 255 255 255
255 255 251 211 150 150 138  67   3   0  60 157 237 255 255 255
255 255 254 249 241 241 239 215 165  75  85  64 186 250 255 255
255 255 255 255 255 255 255 254 248 162  63  39 190 251 255 255
255 255 255 255 255 255 255 255 255 187  52 145 241 255 255 255
255 255 255 255 255 255 255 255 255 251 203 232 254 255 255 255
