255 255 255 255 255 255 255 255 255 255 255 255 255 255 255 255
255 255 255 255 255 255 255 255 255 255 255 255 255 255 255 255
255 255 255 255 255 255 255  79  64 255 255 255 255 255 255 255
255 255 255 255 255 255   9   0   0   6 255   0 255 255 255 255
255 255 255 255 255   0   0 255 255   0   0   0 255 255 255 255
255 255 255 255   0   0 255   0   0 255   0   0 255 255 255 255
255 255 255   0   0 255   0   0   0   0 255   0   0 255 255 255
255 255   0   0 255   0   0   0   0   0   0 255   0   0 255 255
255   0   7 250   0   0   0   0   0   0   0   0 250   8   0 255
255 255 255   0   0   0   0   0   0   0   0   0   0 255 255 255
255 255 255   0 255 255   0 255 255   0 255 255   0 255 255 255
255 255 255   0 255 255   0 255 255   0 255 255   0 255 255 255
255 255 255   0   0   0   0 255 255   0   0   0   0 255 255 255
255 255 255   0   0   0   0 255 255   0   0   0   0 255 255 255
255 255 255 255 255 255 255 255 255 255 255 255 255 255 255 255
255 255 255 255 255 255 255 255 255 255 255 255 255 255 255 255
255 255 255 255 255 255 255 255 255 255 255 255 255 255 255 255
255 255 255 255 255 255 255 255 255 255 255 255 255 255 255 255
255 255 255 255 255 255 255  79  64 255 255 255 255 255 255 255
255 255 255 255 255 255   9   0   0   6 255   0 255 255 255 255
255 255 255 255 255   0   0 255 255   0   0   0 255 255 255 255
255 255 255 255   0   0 255   0   0 255   0   0 255 255 255 255
255 255 255   0   0 255   0   0   0   0 255   0   0 255 255 255
255 255   0   0 255   0   0   0   0   0   0 255   0   0 255 255
255   0   7 250   0   0   0   0   0   0   0   0 250   8   0 255
255 255 255   0   0   0   0   0   0   0   0   0   0 255 255 255
255 255 255   0 255 255   0 255 255   0 255 255   0 255 255 255
255 255 255   0 255 255   0 255 255   0 255 255   0 255 255 255
255 255 255   0   0   0   0 255 255   0   0   0   0 255 255 255
255 255 255   0   0   0   0 255 255   0   0   0   0 255 255 255
255 255 255 255 255 255 255 255 255 255 255 255 255 255 255 255
255 255 255 255 255 255 255 255 255 255 255 255 255 255 255 255
255 255 255 255 255 255 255 255 255 255 255 255 255 255 255 255
255 255 255 255 255 255 255 255 255 255 255 255 255 255 255 255
255 255 255 255 255 255 255  79  64 255 255 255 255 255 255 255
255 255 255 255 255 255   9   0   0   6 255   0 255 255 255 255
255 255 255 255 255   0   0 255 255   0   0   0 255 255 255 255
255 255 255 255   0   0 255   0   0 255   0   0 255 255 255 255
255 255 255   0   0 255   0   0   0   0 255   0   0 255 255 255
255 255   0   0 255   0   0   0   0   0   0 255   0   0 255 255
255   0   7 250   0   0   0   0   0   0   0   0 250   8   0 255
255 255 255   0   0   0   0   0   0   0   0   0   0 255 255 255
255 255 255   0 255 255   0 255 255   0 255 255   0 255 255 255
255 255 255   0 255 255   0 255 255   0 255 255   0 255 255 255
255 255 255   0   0   0   0 255 255   0   0   0   0 255 255 255
255 255 255   0   0   0   0 255 255   0   0   0   0 255 255 255
255 255 255 255 255 255 255 255 255 255 255 255 255 255 255 255
255 255 255 255 255 255 255 255 255 255 255 255 255 255 255 255

255 255 255 255 255 255 255 255 255 255 255 255 255 255 255 255
255 255 255 255 255 255 255 255   0 255 255 255 255 255 255 255
255 255 255 255 255 255 255   0   8 255 255 255 255 255 255 255
255 255 255 255 255 255   0   0 250   0   0   0   0   0 255 255
255 255 255   0   0   0   0 255   0   0 255 255   0   0 255 255
255 255 255 255   0   0 255   0   0   0 255 255   0   0 255 255
255 255 255   6   0 255   0   0   0   0   0   0   0   0 255 255
255 255  64   0 255   0   0   0   0   0 255 255 255 255 255 255
255 255  79   0 255   0   0   0   0   0 255 255 255 255 255 255
255 255 255   9   0 255   0   0   0   0   0   0   0   0 255 255
255 255 255 255   0   0 255   0   0   0 255 255   0   0 255 255
255 255 255 255 255   0   0 255   0   0 255 255   0   0 255 255
255 255 255 255 255 255   0   0 250   0   0   0   0   0 255 255
255 255 255 255 255 255 255   0   7 255 255 255 255 255 255 255
255 255 255 255 255 255 255 255   0 255 255 255 255 255 255 255
255 255 255 255 255 255 255 255 255 255 255 255 255 255 255 255
255 255 255 255 255 255 255 255 255 255 255 255 255 255 255 255
255 255 255 255 255 255 255 255   0 255 255 255 255 255 255 255
255 255 255 255 255 255 255   0   8 255 255 255 255 255 255 255
255 255 255 255 255 255   0   0 250   0   0   0   0   0 255 255
255 255 255   0   0   0   0 255   0   0 255 255   0   0 255 255
255 255 255 255   0   0 255   0   0   0 255 255   0   0 255 255
255 255 255   6   0 255   0   0   0   0   0   0   0   0 255 255
255 255  64   0 255   0   0   0   0   0 255 255 255 255 255 255
255 255  79   0 255   0   0   0   0   0 255 255 255 255 255 255
255 255 255   9   0 255   0   0   0   0   0   0   0   0 255 255
255 255 255 255   0   0 255   0   0   0 255 255   0   0 255 255
255 255 255 255 255   0   0 255   0   0 255 255   0   0 255 255
255 255 255 255 255 255   0   0 250   0   0   0   0   0 255 255
255 255 255 255 255 255 255   0   7 255 255 255 255 255 255 255
255 255 255 255 255 255 255 255   0 255 255 255 255 255 255 255
255 255 255 255 255 255 255 255 255 255 255 255 255 255 255 255
255 255 255 255 255 255 255 255 255 255 255 255 255 255 255 255
255 255 255 255 255 255 255 255   0 255 255 255 255 255 255 255
255 255 255 255 255 255 255   0   8 255 255 255 255 255 255 255
255 255 255 255 255 255   0   0 250   0   0   0   0   0 255 255
255 255 255   0   0   0   0 255   0   0 255 255   0   0 255 255
255 255 255 255   0   0 255   0   0   0 255 255   0   0 255 255
255 255 255   6   0 255   0   0   0   0   0   0   0   0 255 255
255 255  64   0 255   0   0   0   0   0 255 255 255 255 255 255
255 255  79   0 255   0   0   0   0   0 255 255 255 255 255 255
255 255 255   9   0 255   0   0   0   0   0   0   0   0 255 255
255 255 255 255   0   0 255   0   0   0 255 255   0   0 255 255
255 255 255 255 255   0   0 255   0   0 255 255   0   0 255 255
255 255 255 255 255 255   0   0 250   0   0   0   0   0 255 255
255 255 255 255 255 255 255   0   7 255 255 255 255 255 255 255
255 255 255 255 255 255 255 255   0 255 255 255 255 255 255 255
255 255 255 255 255 255 255 255 255 255 255 255 255 255 255 255

255 254 254 254 254 254 254 254 254 254 254 254 254 254 254 255
255 254 247 218 217 217 226 247 245 225 217 217 218 249 254 255
255 254 208  18   6   6  72 206 196  60   6   6  21 223 254 255
255 254 207  20  36  29  74 205 195  63  31  35  21 222 254 255
255 254 207  53 172 138  97 205 195  91 147 169  45 222 254 255
254 253 207  59 196 157  91 172 164  87 168 192  49 222 254 255
249 187 192  47  76  60  35  66  63  33  65  74  47 203 188 254
246 130 106 105  25   0   0   0   0   0   0  31 111 101 141 254
252 208 107  94 104  34   0   0   0   0  41 109  89 113 219 255
255 252 214 113  85 108  41   0   0  49 112  79 122 224 253 255
255 254 251 184  30  77 111  46  56 114  72 127 225 253 254 255
255 255 254 198  30  34  75 134 130  68 129 227 253 254 255 255
255 255 254 201  52 113 119  59  55 131 230 253 254 255 255 255
255 255 254 247 227 238 231 128 141 236 254 254 255 255 255 255
255 255 254 254 254 254 254 246 248 254 255 255 255 255 255 255
255 255 255 255 255 255 255 255 255 255 255 255 255 255 255 255
255 254 254 254 254 254 254 254 254 254 254 254 254 254 254 255
255 254 247 218 217 217 226 247 245 225 217 217 218 249 254 255
255 254 208  18   6   6  72 206 196  60   6   6  21 223 254 255
255 254 207  20  36  29  74 205 195  63  31  35  21 222 254 255
255 254 207  53 172 138  97 205 195  91 147 169  45 222 254 255
254 253 207  59 196 157  91 172 164  87 168 192  49 222 254 255
249 187 192  47  76  60  35  66  63  33  65  74  47 203 188 254
246 130 106 105  25   0   0   0   0   0   0  31 111 101 141 254
252 208 107  94 104  34   0   0   0   0  41 109  89 113 219 255
255 252 214 113  85 108  41   0   0  49 112  79 122 224 253 255
255 254 251 184  30  77 111  46  56 114  72 127 225 253 254 255
255 255 254 198  30  34  75 134 130  68 129 227 253 254 255 255
255 255 254 201  52 113 119  59  55 131 230 253 254 255 255 255
255 255 254 247 227 238 231 128 141 236 254 254 255 255 255 255
255 255 254 254 254 254 254 246 248 254 255 255 255 255 255 255
255 255 255 255 255 255 255 255 255 255 255 255 255 255 255 255
255 254 254 254 254 254 254 254 254 254 254 254 254 254 254 255
255 254 247 218 217 217 226 247 245 225 217 217 218 249 254 255
255 254 208  18   6   6  72 206 196  60   6   6  21 223 254 255
255 254 207  20  36  29  74 205 195  63  31  35  21 222 254 255
255 254 207  53 172 138  97 205 195  91 147 169  45 222 254 255
254 253 207  59 196 157  91 172 164  87 168 192  49 222 254 255
249 187 192  47  76  60  35  66  63  33  65  74  47 203 188 254
246 130 106 105  25   0   0   0   0   0   0  31 111 101 141 254
252 208 107  94 104  34   0   0   0   0  41 109  89 113 219 255
255 252 214 113  85 108  41   0   0  49 112  79 122 224 253 255
255 254 251 184  30  77 111  46  56 114  72 127 225 253 254 255
255 255 254 198  30  34  75 134 130  68 129 227 253 254 255 255
255 255 254 201  52 113 119  59  55 131 230 253 254 255 255 255
255 255 254 247 227 238 231 128 141 236 254 254 255 255 255 255
255 255 254 254 254 254 254 246 248 254 255 255 255 255 255 255
255 255 255 255 255 255 255 255 255 255 255 255 255 255 255 255

255 255 255 255 255 255 253 251 254 255 255 255 255 255 255 255
255 255 255 255 255 254 195 138 214 253 255 255 255 255 255 255
255 250 216 215 215 215 199 107 108 219 253 255 255 255 255 255
255 226  21  21  49  55  48 106  95 116 220 253 255 255 255 255
255 225   7  31 168 197  79  28 105  84 121 222 253 255 255 255
255 225   7  26 141 166  67   0  37 109  77 122 226 254 255 255
255 232  66  67  94  91  37   0   0  45 112  73 124 232 254 255
255 248 200 199 199 170  68   0   0   0  51 130  61 133 244 255
255 248 203 202 202 173  70   0   0   0  47 131  62 130 244 255
255 232  68  69  94  91  37   0   0  42 111  76 121 230 254 255
255 225   7  26 140 164  66   0  34 108  78  35 107 234 255 255
255 225   7  32 169 199  80  25 104  87  30  30  51 221 255 255
255 226  19  19  48  55  46 105  97 112 190 205 208 247 255 255
255 249 216 215 215 215 200 110 104 215 252 255 255 255 255 255
255 255 255 255 255 254 191 130 209 253 255 255 255 255 255 255
255 255 255 255 255 255 252 250 254 255 255 255 255 255 255 255
255 255 255 255 255 255 253 251 254 255 255 255 255 255 255 255
255 255 255 255 255 254 195 138 214 253 255 255 255 255 255 255
255 250 216 215 215 215 199 107 108 219 253 255 255 255 255 255
255 226  21  21  49  55  48 106  95 116 220 253 255 255 255 255
255 225   7  31 168 197  79  28 105  84 121 222 253 255 255 255
255 225   7  26 141 166  67   0  37 109  77 122 226 254 255 255
255 232  66  67  94  91  37   0   0  45 112  73 124 232 254 255
255 248 200 199 199 170  68   0   0   0  51 130  61 133 244 255
255 248 203 202 202 173  70   0   0   0  47 131  62 130 244 255
255 232  68  69  94  91  37   0   0  42 111  76 121 230 254 255
255 225   7  26 140 164  66   0  34 108  78  35 107 234 255 255
255 225   7  32 169 199  80  25 104  87  30  30  51 221 255 255
255 226  19  19  48  55  46 105  97 112 190 205 208 247 255 255
255 249 216 215 215 215 200 110 104 215 252 255 255 255 255 255
255 255 255 255 255 254 191 130 209 253 255 255 255 255 255 255
255 255 255 255 255 255 252 250 254 255 255 255 255 255 255 255
255 255 255 255 255 255 253 251 254 255 255 255 255 255 255 255
255 255 255 255 255 254 195 138 214 253 255 255 255 255 255 255
255 250 216 215 215 215 199 107 108 219 253 255 255 255 255 255
255 226  21  21  49  55  48 106  95 116 220 253 255 255 255 255
255 225   7  31 168 197  79  28 105  84 121 222 253 255 255 255
255 225   7  26 141 166  67   0  37 109  77 122 226 254 255 255
255 232  66  67  94  91  37   0   0  45 112  73 124 232 254 255
255 248 200 199 199 170  68   0   0   0  51 130  61 133 244 255
255 248 203 202 202 173  70   0   0   0  47 131  62 130 244 255
255 232  68  69  94  91  37   0   0  42 111  76 121 230 254 255
255 225   7  26 140 164  66   0  34 108  78  35 107 234 255 255
255 225   7  32 169 199  80  25 104  87  30  30  51 221 255 255
255 226  19  19  48  55  46 105  97 112 190 205 208 247 255 255
255 249 216 215 215 215 200 110 104 215 252 255 255 255 255 255
255 255 255 255 255 254 191 130 209 253 255 255 255 255 255 255
255 255 255 255 255 255 252 250 254 255 255 255 255 255 255 255
