255 255 255 255 255 255 255 255 255 255 255 255 255 255 255 255
255 255 255 255 255 255 255 255 255 255 255 255 255 255 255 255
255 255 255 255 232 231 231 231 231 254 255 255 255 255 255 255
255 255 255 183   4  89  89  74  10 114 120 255 255 255 255 255
255 255 255 120   0 252 252 251 248 247 101  16 255 255 255 255
255 255 255 120   0 255 255 255 255 255 255 101  71 245 255 255
255 255 255 120   0 255 255 255 255 255 255 247   0 231 255 255
255 255 255 120   0 255 255 255 255 255 255 249  38 231 255 255
255 255 255 120   0 255 255 255 255 255 255 255 135 231 255 255
255 255 255 120   0 255 255 255 255 255 255 247   0 231 255 255
255 255 255 120   0 255 255 255 255 255 255 247  51 241 255 255
255 255 255 120   0 255 255 255 255 255 250   0 124 255 255 255
255 255 255 120   0 135 135 135 135 135  55 124 255 255 255 255
255 255 255 242   7   0   0   0 148 231 231 255 255 255 255 255
255 255 255 255 255 255 255 255 255 255 255 255 255 255 255 255
255 255 255 255 255 255 255 255 255 255 255 255 255 255 255 255
255 255 255 255 255 255 255 255 255 255 255 255 255 255 255 255
255 255 255 255 255 255 255 255 255 255 255 255 255 255 255 255
255 255 255 255 232 231 231 231 231 254 255 255 255 255 255 255
255 255 255 183   4  89  89  74  10 114 120 255 255 255 255 255
255 255 255 120   0 252 252 251 248 247 101  16 255 255 255 255
255 255 255 120   0 255 255 255 255 255 255 101  71 245 255 255
255 255 255 120   0 255 255 255 255 255 255 247   0 231 255 255
255 255 255 120   0 255 255 255 255 255 255 249  38 231 255 255
255 255 255 120   0 255 255 255 255 255 255 255 135 231 255 255
255 255 255 120   0 255 255 255 255 255 255 247   0 231 255 255
255 255 255 120   0 255 255 255 255 255 255 247  51 241 255 255
255 255 255 120   0 255 255 255 255 255 250   0 124 255 255 255
255 255 255 120   0 135 135 135 135 135  55 124 255 255 255 255
255 255 255 242   7   0   0   0 148 231 231 255 255 255 255 255
255 255 255 255 255 255 255 255 255 255 255 255 255 255 255 255
255 255 255 255 255 255 255 255 255 255 255 255 255 255 255 255
255 255 255 255 255 255 255 255 255 255 255 255 255 255 255 255
255 255 255 255 255 255 255 255 255 255 255 255 255 255 255 255
255 255 255 255 232 231 231 231 231 254 255 255 255 255 255 255
255 255 255 183   4  89  89  74  10 114 120 255 255 255 255 255
255 255 255 120   0 252 252 251 248 247 101  16 255 255 255 255
255 255 255 120   0 255 255 255 255 255 255 101  71 245 255 255
255 255 255 120   0 255 255 255 255 255 255 247   0 231 255 255
255 255 255 120   0 255 255 255 255 255 255 249  38 231 255 255
255 255 255 120   0 255 255 255 255 255 255 255 135 231 255 255
255 255 255 120   0 255 255 255 255 255 255 247   0 231 255 255
255 255 255 120   0 255 255 255 255 255 255 247  51 241 255 255
255 255 255 120   0 255 255 255 255 255 250   0 124 255 255 255
255 255 255 120   0 135 135 135 135 135  55 124 255 255 255 255
255 255 255 242   7   0   0   0 148 231 231 255 255 255 255 255
255 255 255 255 255 255 255 255 255 255 255 255 255 255 255 255
255 255 255 255 255 255 255 255 255 255 255 255 255 255 255 255

255 255 255 255 255 255 255 255 255 255 255 255 255 255 255 255
255 255 255 255 255 255 255 255 255 255 255 255 255 255 255 255
255 255 255 255 255 245 231 231 231 231 241 255 255 255 255 255
255 255 255 255 255  71   0  38 135   0  51 124 255 255 255 255
255 255 255 255  16 101 247 249 255 247 247   0 124 255 255 255
255 255 255 120 101 255 255 255 255 255 255 250  55 231 255 255
255 255 254 114 247 255 255 255 255 255 255 255 135 231 255 255
255 255 231  10 248 255 255 255 255 255 255 255 135 148 255 255
255 255 231  74 251 255 255 255 255 255 255 255 135   0 255 255
255 255 231  89 252 255 255 255 255 255 255 255 135   0 255 255
255 255 231  89 252 255 255 255 255 255 255 255 135   0 255 255
255 255 232   4   0   0   0   0   0   0   0   0   0   7 255 255
255 255 255 183 120 120 120 120 120 120 120 120 120 242 255 255
255 255 255 255 255 255 255 255 255 255 255 255 255 255 255 255
255 255 255 255 255 255 255 255 255 255 255 255 255 255 255 255
255 255 255 255 255 255 255 255 255 255 255 255 255 255 255 255
255 255 255 255 255 255 255 255 255 255 255 255 255 255 255 255
255 255 255 255 255 255 255 255 255 255 255 255 255 255 255 255
255 255 255 255 255 245 231 231 231 231 241 255 255 255 255 255
255 255 255 255 255  71   0  38 135   0  51 124 255 255 255 255
255 255 255 255  16 101 247 249 255 247 247   0 124 255 255 255
255 255 255 120 101 255 255 255 255 255 255 250  55 231 255 255
255 255 254 114 247 255 255 255 255 255 255 255 135 231 255 255
255 255 231  10 248 255 255 255 255 255 255 255 135 148 255 255
255 255 231  74 251 255 255 255 255 255 255 255 135   0 255 255
255 255 231  89 252 255 255 255 255 255 255 255 135   0 255 255
255 255 231  89 252 255 255 255 255 255 255 255 135   0 255 255
255 255 232   4   0   0   0   0   0   0   0   0   0   7 255 255
255 255 255 183 120 120 120 120 120 120 120 120 120 242 255 255
255 255 255 255 255 255 255 255 255 255 255 255 255 255 255 255
255 255 255 255 255 255 255 255 255 255 255 255 255 255 255 255
255 255 255 255 255 255 255 255 255 255 255 255 255 255 255 255
255 255 255 255 255 255 255 255 255 255 255 255 255 255 255 255
255 255 255 255 255 255 255 255 255 255 255 255 255 255 255 255
255 255 255 255 255 245 231 231 231 231 241 255 255 255 255 255
255 255 255 255 255  71   0  38 135   0  51 124 255 255 255 255
255 255 255 255  16 101 247 249 255 247 247   0 124 255 255 255
255 255 255 120 101 255 255 255 255 255 255 250  55 231 255 255
255 255 254 114 247 255 255 255 255 255 255 255 135 231 255 255
255 255 231  10 248 255 255 255 255 255 255 255 135 148 255 255
255 255 231  74 251 255 255 255 255 255 255 255 135   0 255 255
255 255 231  89 252 255 255 255 255 255 255 255 135   0 255 255
255 255 231  89 252 255 255 255 255 255 255 255 135   0 255 255
255 255 232   4   0   0   0   0   0   0   0   0   0   7 255 255
255 255 255 183 120 120 120 120 120 120 120 120 120 242 255 255
255 255 255 255 255 255 255 255 255 255 255 255 255 255 255 255
255 255 255 255 255 255 255 255 255 255 255 255 255 255 255 255
255 255 255 255 255 255 255 255 255 255 255 255 255 255 255 255

255 255 255 255 255 255 255 255 255 255 255 255 255 255 255 255
255 255 255 255 255 255 255 255 255 255 255 255 255 255 255 255
255 255 255 255 252 221 163 122 107 107 107 115 237 255 255 255
255 255 255 242 110  70 142 167 174 175 175  20 188 255 255 255
255 255 253 118  24 246 255 255 255 255 255  26 185 255 255 255
255 255 232  50 221 255 255 255 255 255 255  26 185 255 255 255
255 255 195  53 255 255 255 255 255 255 255  26 185 255 255 255
255 255 174  76 255 255 255 255 255 255 255  26 185 255 255 255
255 255 185  60 255 255 255 255 255 255 255  26 185 255 255 255
255 255 224  37 248 255 255 255 255 255 255  26 185 255 255 255
255 255 247  87 102 254 255 255 255 255 255  26 185 255 255 255
255 255 255 226  13 101 235 243 245 246 246  26 185 255 255 255
255 255 255 255 237 134 100  85  90  91  91  52 214 255 255 255
255 255 255 255 255 253 249 244 243 243 243 244 254 255 255 255
255 255 255 255 255 255 255 255 255 255 255 255 255 255 255 255
255 255 255 255 255 255 255 255 255 255 255 255 255 255 255 255
255 255 255 255 255 255 255 255 255 255 255 255 255 255 255 255
255 255 255 255 255 255 255 255 255 255 255 255 255 255 255 255
255 255 255 255 252 221 163 122 107 107 107 115 237 255 255 255
255 255 255 242 110  70 142 167 174 175 175  20 188 255 255 255
255 255 253 118  24 246 255 255 255 255 255  26 185 255 255 255
255 255 232  50 221 255 255 255 255 255 255  26 185 255 255 255
255 255 195  53 255 255 255 255 255 255 255  26 185 255 255 255
255 255 174  76 255 255 255 255 255 255 255  26 185 255 255 255
255 255 185  60 255 255 255 255 255 255 255  26 185 255 255 255
255 255 224  37 248 255 255 255 255 255 255  26 185 255 255 255
255 255 247  87 102 254 255 255 255 255 255  26 185 255 255 255
255 255 255 226  13 101 235 243 245 246 246  26 185 255 255 255
255 255 255 255 237 134 100  85  90  91  91  52 214 255 255 255
255 255 255 255 255 253 249 244 243 243 243 244 254 255 255 255
255 255 255 255 255 255 255 255 255 255 255 255 255 255 255 255
255 255 255 255 255 255 255 255 255 255 255 255 255 255 255 255
255 255 255 255 255 255 255 255 255 255 255 255 255 255 255 255
255 255 255 255 255 255 255 255 255 255 255 255 255 255 255 255
255 255 255 255 252 221 163 122 107 107 107 115 237 255 255 255
255 255 255 242 110  70 142 167 174 175 175  20 188 255 255 255
255 255 253 118  24 246 255 255 255 255 255  26 185 255 255 255
255 255 232  50 221 255 255 255 255 255 255  26 185 255 255 255
255 255 195  53 255 255 255 255 255 255 255  26 185 255 255 255
255 255 174  76 255 255 255 255 255 255 255  26 185 255 255 255
255 255 185  60 255 255 255 255 255 255 255  26 185 255 255 255
255 255 224  37 248 255 255 255 255 255 255  26 185 255 255 255
255 255 247  87 102 254 255 255 255 255 255  26 185 255 255 255
255 255 255 226  13 101 235 243 245 246 246  26 185 255 255 255
255 255 255 255 237 134 100  85  90  91  91  52 214 255 255 255
255 255 255 255 255 253 249 244 243 243 243 244 254 255 255 255
255 255 255 255 255 255 255 255 255 255 255 255 255 255 255 255
255 255 255 255 255 255 255 255 255 255 255 255 255 255 255 255

255 255 255 255 255 255 255 255 255 255 255 255 255 255 255 255
255 255 255 255 255 255 255 255 255 255 255 255 255 255 255 255
255 255 255 255 255 255 255 255 255 255 255 255 255 255 255 255
255 255 239 184 181 181 181 181 181 181 181 181 210 254 255 255
255 255 115  16  24  24  24  24  24  24  24  23  46 239 255 255
255 255 108 169 255 255 255 255 255 255 255 251  92 238 255 255
255 255 108 170 255 255 255 255 255 255 255 251  93 238 255 255
255 255 109 169 255 255 255 255 255 255 255 250  92 238 255 255
255 255 126 161 255 255 255 255 255 255 255 249  85 240 255 255
255 255 171 133 255 255 255 255 255 255 255 241  97 247 255 255
255 255 228  69 240 255 255 255 255 255 254  98 129 253 255 255
255 255 253 121  24 213 250 251 250 243 105  13 236 255 255 255
255 255 255 244 129  54  50  73  58  36  92 227 255 255 255 255
255 255 255 255 254 238 203 180 192 231 249 255 255 255 255 255
255 255 255 255 255 255 255 255 255 255 255 255 255 255 255 255
255 255 255 255 255 255 255 255 255 255 255 255 255 255 255 255
255 255 255 255 255 255 255 255 255 255 255 255 255 255 255 255
255 255 255 255 255 255 255 255 255 255 255 255 255 255 255 255
255 255 255 255 255 255 255 255 255 255 255 255 255 255 255 255
255 255 239 184 181 181 181 181 181 181 181 181 210 254 255 255
255 255 115  16  24  24  24  24  24  24  24  23  46 239 255 255
255 255 108 169 255 255 255 255 255 255 255 251  92 238 255 255
255 255 108 170 255 255 255 255 255 255 255 251  93 238 255 255
255 255 109 169 255 255 255 255 255 255 255 250  92 238 255 255
255 255 126 161 255 255 255 255 255 255 255 249  85 240 255 255
255 255 171 133 255 255 255 255 255 255 255 241  97 247 255 255
255 255 228  69 240 255 255 255 255 255 254  98 129 253 255 255
255 255 253 121  24 213 250 251 250 243 105  13 236 255 255 255
255 255 255 244 129  54  50  73  58  36  92 227 255 255 255 255
255 255 255 255 254 238 203 180 192 231 249 255 255 255 255 255
255 255 255 255 255 255 255 255 255 255 255 255 255 255 255 255
255 255 255 255 255 255 255 255 255 255 255 255 255 255 255 255
255 255 255 255 255 255 255 255 255 255 255 255 255 255 255 255
255 255 255 255 255 255 255 255 255 255 255 255 255 255 255 255
255 255 255 255 255 255 255 255 255 255 255 255 255 255 255 255
255 255 239 184 181 181 181 181 181 181 181 181 210 254 255 255
255 255 115  16  24  24  24  24  24  24  24  23  46 239 255 255
255 255 108 169 255 255 255 255 255 255 255 251  92 238 255 255
255 255 108 170 255 255 255 255 255 255 255 251  93 238 255 255
255 255 109 169 255 255 255 255 255 255 255 250  92 238 255 255
255 255 126 161 255 255 255 255 255 255 255 249  85 240 255 255
255 255 171 133 255 255 255 255 255 255 255 241  97 247 255 255
255 255 228  69 240 255 255 255 255 255 254  98 129 253 255 255
255 255 253 121  24 213 250 251 250 243 105  13 236 255 255 255
255 255 255 244 129  54  50  73  58  36  92 227 255 255 255 255
255 255 255 255 254 238 203 180 192 231 249 255 255 255 255 255
255 255 255 255 255 255 255 255 255 255 255 255 255 255 255 255
255 255 255 255 255 255 255 255 255 255 255 255 255 255 255 255
