255 255 255 255 255 255 255 255 255 255 255 255 255 255 255 255
255 255 255 255 255 255 255 255 255 255 255 255 255 255 255 255
255 255 255 255 232 231 231 231 231 232 248 255 255 255 255 255
255 255 255 183   4  89  89  89  89   5  84 235 255 255 255 255
255 255 255 120   0 252 252 252 252 247 185  15 255 255 255 255
255 255 255 120   0 255 255 255 255 255 255   0 120 255 255 255
255 255 255 120   0 255 255 255 255 255 255   7 234 255 255 255
255 255 255 120   0 183 183 183 183 192 140  78 255 255 255 255
255 255 255 120   0 183 183 183 183 163  65  78 255 255 255 255
255 255 255 120   0 255 255 255 255 255 255   0 120 255 255 255
255 255 255 120   0 255 255 255 255 255 255 146 120 255 255 255
255 255 255 120   0 255 255 255 255 255 255   0 120 255 255 255
255 255 255 120   0 135 135 135 135 135 135   4 183 255 255 255
255 255 255 242   7   0   0   0   0  36 231 232 255 255 255 255
255 255 255 255 255 255 255 255 255 255 255 255 255 255 255 255
255 255 255 255 255 255 255 255 255 255 255 255 255 255 255 255
255 255 255 255 255 255 255 255 255 255 255 255 255 255 255 255
255 255 255 255 255 255 255 255 255 255 255 255 255 255 255 255
255 255 255 255 232 231 231 231 231 232 248 255 255 255 255 255
255 255 255 183   4  89  89  89  89   5  84 235 255 255 255 255
255 255 255 120   0 252 252 252 252 247 185  15 255 255 255 255
255 255 255 120   0 255 255 255 255 255 255   0 120 255 255 255
255 255 255 120   0 255 255 255 255 255 255   7 234 255 255 255
255 255 255 120   0 183 183 183 183 192 140  78 255 255 255 255
255 255 255 120   0 183 183 183 183 163  65  78 255 255 255 255
255 255 255 120   0 255 255 255 255 255 255   0 120 255 255 255
255 255 255 120   0 255 255 255 255 255 255 146 120 255 255 255
255 255 255 120   0 255 255 255 255 255 255   0 120 255 255 255
255 255 255 120   0 135 135 135 135 135 135   4 183 255 255 255
255 255 255 242   7   0   0   0   0  36 231 232 255 255 255 255
255 255 255 255 255 255 255 255 255 255 255 255 255 255 255 255
255 255 255 255 255 255 255 255 255 255 255 255 255 255 255 255
255 255 255 255 255 255 255 255 255 255 255 255 255 255 255 255
255 255 255 255 255 255 255 255 255 255 255 255 255 255 255 255
255 255 255 255 232 231 231 231 231 232 248 255 255 255 255 255
255 255 255 183   4  89  89  89  89   5  84 235 255 255 255 255
255 255 255 120   0 252 252 252 252 247 185  15 255 255 255 255
255 255 255 120   0 255 255 255 255 255 255   0 120 255 255 255
255 255 255 120   0 255 255 255 255 255 255   7 234 255 255 255
255 255 255 120   0 183 183 183 183 192 140  78 255 255 255 255
255 255 255 120   0 183 183 183 183 163  65  78 255 255 255 255
255 255 255 120   0 255 255 255 255 255 255   0 120 255 255 255
255 255 255 120   0 255 255 255 255 255 255 146 120 255 255 255
255 255 255 120   0 255 255 255 255 255 255   0 120 255 255 255
255 255 255 120   0 135 135 135 135 135 135   4 183 255 255 255
255 255 255 242   7   0   0   0   0  36 231 232 255 255 255 255
255 255 255 255 255 255 255 255 255 255 255 255 255 255 255 255
255 255 255 255 255 255 255 255 255 255 255 255 255 255 255 255

255 255 255 255 255 255 255 255 255 255 255 255 255 255 255 255
255 255 255 255 255 255 255 255 255 255 255 255 255 255 255 255
255 255 255 255 255 255 255 255 255 255 255 255 255 255 255 255
255 255 255 255 255 120 234 255 255 120 120 120 183 255 255 255
255 255 255 235  15   0   7  78  78   0 146   0   4 232 255 255
255 255 248  84 185 255 255 140  65 255 255 255 135 231 255 255
255 255 232   5 247 255 255 192 163 255 255 255 135  36 255 255
255 255 231  89 252 255 255 183 183 255 255 255 135   0 255 255
255 255 231  89 252 255 255 183 183 255 255 255 135   0 255 255
255 255 231  89 252 255 255 183 183 255 255 255 135   0 255 255
255 255 231  89 252 255 255 183 183 255 255 255 135   0 255 255
255 255 232   4   0   0   0   0   0   0   0   0   0   7 255 255
255 255 255 183 120 120 120 120 120 120 120 120 120 242 255 255
255 255 255 255 255 255 255 255 255 255 255 255 255 255 255 255
255 255 255 255 255 255 255 255 255 255 255 255 255 255 255 255
255 255 255 255 255 255 255 255 255 255 255 255 255 255 255 255
255 255 255 255 255 255 255 255 255 255 255 255 255 255 255 255
255 255 255 255 255 255 255 255 255 255 255 255 255 255 255 255
255 255 255 255 255 255 255 255 255 255 255 255 255 255 255 255
255 255 255 255 255 120 234 255 255 120 120 120 183 255 255 255
255 255 255 235  15   0   7  78  78   0 146   0   4 232 255 255
255 255 248  84 185 255 255 140  65 255 255 255 135 231 255 255
255 255 232   5 247 255 255 192 163 255 255 255 135  36 255 255
255 255 231  89 252 255 255 183 183 255 255 255 135   0 255 255
255 255 231  89 252 255 255 183 183 255 255 255 135   0 255 255
255 255 231  89 252 255 255 183 183 255 255 255 135   0 255 255
255 255 231  89 252 255 255 183 183 255 255 255 135   0 255 255
255 255 232   4   0   0   0   0   0   0   0   0   0   7 255 255
255 255 255 183 120 120 120 120 120 120 120 120 120 242 255 255
255 255 255 255 255 255 255 255 255 255 255 255 255 255 255 255
255 255 255 255 255 255 255 255 255 255 255 255 255 255 255 255
255 255 255 255 255 255 255 255 255 255 255 255 255 255 255 255
255 255 255 255 255 255 255 255 255 255 255 255 255 255 255 255
255 255 255 255 255 255 255 255 255 255 255 255 255 255 255 255
255 255 255 255 255 255 255 255 255 255 255 255 255 255 255 255
255 255 255 255 255 120 234 255 255 120 120 120 183 255 255 255
255 255 255 235  15   0   7  78  78   0 146   0   4 232 255 255
255 255 248  84 185 255 255 140  65 255 255 255 135 231 255 255
255 255 232   5 247 255 255 192 163 255 255 255 135  36 255 255
255 255 231  89 252 255 255 183 183 255 255 255 135   0 255 255
255 255 231  89 252 255 255 183 183 255 255 255 135   0 255 255
255 255 231  89 252 255 255 183 183 255 255 255 135   0 255 255
255 255 231  89 252 255 255 183 183 255 255 255 135   0 255 255
255 255 232   4   0   0   0   0   0   0   0   0   0   7 255 255
255 255 255 183 120 120 120 120 120 120 120 120 120 242 255 255
255 255 255 255 255 255 255 255 255 255 255 255 255 255 255 255
255 255 255 255 255 255 255 255 255 255 255 255 255 255 255 255
255 255 255 255 255 255 255 255 255 255 255 255 255 255 255 255

255 255 255 255 255 255 255 255 255 255 255 255 255 255 255 255
255 255 255 255 255 255 255 255 255 255 255 255 255 255 255 255
255 255 255 254 230 158 115 107 107 107 107 115 237 255 255 255
255 255 255 201  39 134 173 175 175 175 175  20 188 255 255 255
255 255 253 105  77 255 255 255 255 255 255  26 185 255 255 255
255 255 251 100 100 255 255 255 255 255 255  26 185 255 255 255
255 255 254 163  16 238 255 255 255 255 255  26 185 255 255 255
255 255 255 254 145  89 156 168 168 168 168  20 185 255 255 255
255 255 255 255 136 106 188 192 192 192 192  21 185 255 255 255
255 255 255 208   5 239 255 255 255 255 255  26 185 255 255 255
255 255 255 178  20 255 255 255 255 255 255  26 185 255 255 255
255 255 255 224   8 162 244 246 246 246 246  26 185 255 255 255
255 255 255 254 198 102  86  91  91  91  91  52 214 255 255 255
255 255 255 255 254 250 244 243 243 243 243 244 254 255 255 255
255 255 255 255 255 255 255 255 255 255 255 255 255 255 255 255
255 255 255 255 255 255 255 255 255 255 255 255 255 255 255 255
255 255 255 255 255 255 255 255 255 255 255 255 255 255 255 255
255 255 255 255 255 255 255 255 255 255 255 255 255 255 255 255
255 255 255 254 230 158 115 107 107 107 107 115 237 255 255 255
255 255 255 201  39 134 173 175 175 175 175  20 188 255 255 255
255 255 253 105  77 255 255 255 255 255 255  26 185 255 255 255
255 255 251 100 100 255 255 255 255 255 255  26 185 255 255 255
255 255 254 163  16 238 255 255 255 255 255  26 185 255 255 255
255 255 255 254 145  89 156 168 168 168 168  20 185 255 255 255
255 255 255 255 136 106 188 192 192 192 192  21 185 255 255 255
255 255 255 208   5 239 255 255 255 255 255  26 185 255 255 255
255 255 255 178  20 255 255 255 255 255 255  26 185 255 255 255
255 255 255 224   8 162 244 246 246 246 246  26 185 255 255 255
255 255 255 254 198 102  86  91  91  91  91  52 214 255 255 255
255 255 255 255 254 250 244 243 243 243 243 244 254 255 255 255
255 255 255 255 255 255 255 255 255 255 255 255 255 255 255 255
255 255 255 255 255 255 255 255 255 255 255 255 255 255 255 255
255 255 255 255 255 255 255 255 255 255 255 255 255 255 255 255
255 255 255 255 255 255 255 255 255 255 255 255 255 255 255 255
255 255 255 254 230 158 115 107 107 107 107 115 237 255 255 255
255 255 255 201  39 134 173 175 175 175 175  20 188 255 255 255
255 255 253 105  77 255 255 255 255 255 255  26 185 255 255 255
255 255 251 100 100 255 255 255 255 255 255  26 185 255 255 255
255 255 254 163  16 238 255 255 255 255 255  26 185 255 255 255
255 255 255 254 145  89 156 168 168 168 168  20 185 255 255 255
255 255 255 255 136 106 188 192 192 192 192  21 185 255 255 255
255 255 255 208   5 239 255 255 255 255 255  26 185 255 255 255
255 255 255 178  20 255 255 255 255 255 255  26 185 255 255 255
255 255 255 224   8 162 244 246 246 246 246  26 185 255 255 255
255 255 255 254 198 102  86  91  91  91  91  52 214 255 255 255
255 255 255 255 254 250 244 243 243 243 243 244 254 255 255 255
255 255 255 255 255 255 255 255 255 255 255 255 255 255 255 255
255 255 255 255 255 255 255 255 255 255 255 255 255 255 255 255

255 255 255 255 255 255 255 255 255 255 255 255 255 255 255 255
255 255 255 255 255 255 255 255 255 255 255 255 255 255 255 255
255 255 255 255 255 255 255 255 255 255 255 255 255 255 255 255
255 255 239 184 181 181 181 181 181 181 181 181 210 254 255 255
255 255 115  16  24  24  24  18  18  24  24  23  46 239 255 255
255 255 108 169 255 255 255 176 185 255 255 251  92 238 255 255
255 255 108 170 255 255 255 176 185 255 255 251  93 238 255 255
255 255 108 170 255 255 255 176 185 255 255 251  93 238 255 255
255 255 108 170 255 255 255 176 185 255 255 251  92 238 255 255
255 255 118 167 255 255 255 161 181 255 255 249  86 240 255 255
255 255 165 127 254 255 238  84 106 238 255 163  98 249 255 255
255 255 236  45  73  99  21 144 144  10  23  11 196 255 255 255
255 255 254 207 114 108 166 254 255 212 183 226 254 255 255 255
255 255 255 255 254 253 255 255 255 255 255 255 255 255 255 255
255 255 255 255 255 255 255 255 255 255 255 255 255 255 255 255
255 255 255 255 255 255 255 255 255 255 255 255 255 255 255 255
255 255 255 255 255 255 255 255 255 255 255 255 255 255 255 255
255 255 255 255 255 255 255 255 255 255 255 255 255 255 255 255
255 255 255 255 255 255 255 255 255 255 255 255 255 255 255 255
255 255 239 184 181 181 181 181 181 181 181 181 210 254 255 255
255 255 115  16  24  24  24  18  18  24  24  23  46 239 255 255
255 255 108 169 255 255 255 176 185 255 255 251  92 238 255 255
255 255 108 170 255 255 255 176 185 255 255 251  93 238 255 255
255 255 108 170 255 255 255 176 185 255 255 251  93 238 255 255
255 255 108 170 255 255 255 176 185 255 255 251  92 238 255 255
255 255 118 167 255 255 255 161 181 255 255 249  86 240 255 255
255 255 165 127 254 255 238  84 106 238 255 163  98 249 255 255
255 255 236  45  73  99  21 144 144  10  23  11 196 255 255 255
255 255 254 207 114 108 166 254 255 212 183 226 254 255 255 255
255 255 255 255 254 253 255 255 255 255 255 255 255 255 255 255
255 255 255 255 255 255 255 255 255 255 255 255 255 255 255 255
255 255 255 255 255 255 255 255 255 255 255 255 255 255 255 255
255 255 255 255 255 255 255 255 255 255 255 255 255 255 255 255
255 255 255 255 255 255 255 255 255 255 255 255 255 255 255 255
255 255 255 255 255 255 255 255 255 255 255 255 255 255 255 255
255 255 239 184 181 181 181 181 181 181 181 181 210 254 255 255
255 255 115  16  24  24  24  18  18  24  24  23  46 239 255 255
255 255 108 169 255 255 255 176 185 255 255 251  92 238 255 255
255 255 108 170 255 255 255 176 185 255 255 251  93 238 255 255
255 255 108 170 255 255 255 176 185 255 255 251  93 238 255 255
255 255 108 170 255 255 255 176 185 255 255 251  92 238 255 255
255 255 118 167 255 255 255 161 181 255 255 249  86 240 255 255
255 255 165 127 254 255 238  84 106 238 255 163  98 249 255 255
255 255 236  45  73  99  21 144 144  10  23  11 196 255 255 255
255 255 254 207 114 108 166 254 255 212 183 226 254 255 255 255
255 255 255 255 254 253 255 255 255 255 255 255 255 255 255 255
255 255 255 255 255 255 255 255 255 255 255 255 255 255 255 255
255 255 255 255 255 255 255 255 255 255 255 255 255 255 255 255
